Temperature (°C):
45.1, 45.3, 45.2, 45.4, 45.5, 45.3, 45.2, 45.6, 45.7, 45.4,
45.5, 45.6, 45.3, 45.4, 45.7, 45.8, 45.5, 45.6, 45.7, 45.6,
45.4, 45.5, 45.3, 45.4, 45.6, 45.7, 45.5, 45.6, 45.8, 45.7,
45.6, 45.5, 45.4, 45.5, 45.6, 45.7, 45.8, 45.9, 45.7, 45.6

Vibration (mm/s):
0.32, 0.31, 0.33, 0.32, 0.34, 0.33, 0.32, 0.31, 0.33, 0.32,
0.34, 0.33, 0.32, 0.31, 0.32, 0.33, 0.34, 0.32, 0.31, 0.33,
0.32, 0.34, 0.33, 0.32, 0.31, 0.32, 0.33, 0.34, 0.32, 0.31,
0.33, 0.32, 0.34, 0.33, 0.32, 0.31, 0.32, 0.33, 0.34, 0.32

Pressure (kPa):
101.2, 101.3, 101.1, 101.2, 101.4, 101.3, 101.2, 101.1, 101.3, 101.2,
101.4, 101.3, 101.2, 101.1, 101.3, 101.4, 101.2, 101.3, 101.1, 101.2,
101.4, 101.3, 101.2, 101.1, 101.3, 101.2, 101.4, 101.3, 101.2, 101.1,
101.3, 101.2, 101.4, 101.3, 101.2, 101.1, 101.3, 101.2, 101.4, 101.3
